 5.3945 -2.86658 0
 5.14465 -2.597 0
 4.97431 -2.62034 0
 5.00546 -2.40405 0
 5.34072 -2.84567 0
 5.91124 -2.87582 0
 5.01604 -2.52392 0
 5.36285 -2.71545 0
 4.75381 -2.29724 0
 5.21539 -2.60729 0
 5.72025 -3.02684 0
 5.27744 -2.5434 0
 5.05817 -2.58646 0
 4.49929 -2.51469 0
 5.88927 -3.53369 0
 6.10961 -3.32914 0
 5.66008 -3.13643 0
 5.40687 -2.82369 0
 6.10084 -3.04651 0
 5.53065 -2.85615 0
 5.78484 -2.79892 0
 5.5227 -2.78071 0
 4.79316 -2.8925 0
 5.57934 -2.47736 0
 5.46581 -2.34795 0
 5.34433 -2.52014 0
 5.4504 -2.5645 0
 5.53139 -2.85487 0
 5.44827 -2.88749 0
 5.16268 -2.42488 0
 5.21645 -2.44579 0
 5.68402 -2.84343 0
 5.64098 -3.093 0
 5.8332 -3.30812 0
 5.21539 -2.60729 0
 5.13383 -2.84583 0
 5.62811 -3.14551 0
 5.21539 -2.60729 0
 4.71135 -2.39493 0
 5.43696 -2.76889 0
 5.26998 -2.83539 0
 4.65553 -2.17772 0
 4.75201 -2.46001 0
 5.49548 -2.51125 0
 5.79418 -2.55264 0
 5.08292 -2.50066 0
 5.58106 -2.83389 0
 4.963 -2.50174 0
 5.64615 -2.97339 0
 5.27974 -2.74806 0
 8.96201 -1.11964 1
 8.4042 -0.886377 1
 9.00554 -0.860455 1
 7.21563 -0.524089 1
 8.45978 -0.744519 1
 7.77942 -0.467905 1
 8.48839 -0.692268 1
 6.31469 -0.820712 1
 8.52945 -0.916295 1
 7.02423 -0.51616 1
 6.43306 -0.613703 1
 7.80467 -0.749534 1
 7.52868 -0.887466 1
 8.23411 -0.541021 1
 7.16055 -1.03337 1
 8.53101 -1.12222 1
 7.77073 -0.393742 1
 7.54491 -0.878111 1
 8.05271 -0.454112 1
 7.24284 -0.793554 1
 8.25919 -0.295005 1
 7.76188 -1.00745 1
 8.43896 -0.34456 1
 8.18903 -0.594277 1
 8.19288 -1.00486 1
 8.43658 -1.03624 1
 8.79528 -0.817446 1
 8.92455 -0.570082 1
 8.04681 -0.574984 1
 7.07374 -1.18304 1
 7.08562 -0.772724 1
 7.01046 -0.880773 1
 7.44408 -0.922623 1
 8.39526 -0.0760985 1
 7.62253 -0.286852 1
 8.16083 -0.694775 1
 8.73176 -0.88387 1
 8.0596 -0.69104 1
 7.49482 -0.740144 1
 7.25629 -0.589164 1
 7.51539 -0.403989 1
 8.19165 -0.638711 1
 7.48654 -0.824933 1
 6.36846 -0.84162 1
 7.49662 -0.577379 1
 7.61933 -0.771333 1
 7.61138 -0.695899 1
 8.04468 -0.897972 1
 6.30723 -1.1127 1
 7.52826 -0.728514 1
 9.41604 0.540781 2
 8.28419 0.159481 2
 9.83557 -0.0259047 2
 8.99693 0.110046 2
 9.34055 0.27251 2
 10.6456 0.162937 2
 7.17513 0.228854 2
 10.1775 0.0316626 2
 9.3376 0.156721 2
 10.2067 0.0273162 2
 8.91693 -0.334425 2
 8.85438 -0.0308843 2
 9.36211 -0.126179 2
 8.11902 0.255745 2
 8.36641 0.341426 2
 9.00554 -0.0219856 2
 9.10267 -0.0945336 2
 10.9575 -0.0427593 2
 10.8515 0.520892 2
 8.21845 -0.02146 2
 9.6272 -0.0286013 2
 8.04312 0.146425 2
 10.7295 0.196823 2
 8.51675 -0.280945 2
 9.47457 -0.0400418 2
 9.97599 -0.207962 2
 8.40018 -0.32519 2
 8.42953 -0.271668 2
 9.08783 0.217828 2
 9.785 -0.358985 2
 10.118 -0.0766531 2
 10.8926 -0.430899 2
 9.10021 0.260725 2
 8.62552 -0.311868 2
 8.73823 0.142963 2
 10.4305 -0.130477 2
 9.17284 0.204738 2
 9.0489 -0.0736261 2
 8.29264 -0.283375 2
 9.39375 -0.277314 2
 9.40826 0.0885704 2
 9.23014 -0.386978 2
 8.28419 0.159481 2
 9.67868 0.155148 2
 9.52408 0.131544 2
 9.12439 -0.182398 2
 8.55126 -0.107821 2
 8.93906 -0.204198 2
 8.96078 0.0849818 2
 8.4069 -0.0344729 2
